111
159
114
115
187
123
109
149
164
110
183
142
180
149
144
101
194
137
169
114
150
137
146
195
119
116
189
141
134
119
122
197
141
136
199
160
107
133
171
106
160
179
109
178
133
166
174
128
176
114
147
196
137
113
187
131
126
150
130
148
129
191
179
131
154
127
127
123
126
147
148
125
134
136
127
188
175
148
198
181
161
125
145
129
126
182
184
104
196
188
193
195
198
133
144
102
112
126
183
164
191
156
167
109
137
104
130
136
168
142
179
197
194
146
141
100
123
159
194
101
177
153
117
156
116
108
135
112
145
168
143
183
151
165
173
162
184
196
147
118
153
187
173
174
165
116
110
195
132
149
166
190
136
121
158
126
161
138
102
166
146
107
175
168
149
181
166
142
148
139
135
150
157
192
129
107
155
125
158
144
126
178
189
168
132
183
127
183
124
196
145
189
184
197
159
127
177
106
110
141
176
159
